$ANSIBLE_VAULT;1.1;AES256
35663838353764643136663336346464333031663337373836393538656231376232343230303030
6566376639373935666331303266353239363733373636640a356233303463613238303136656637
37646466383465663531356337356630323165313665323066333939333632663362363765346563
6463646437643832320a643864383164303232333232613030383965623563303432646466306564
37643662393162656231373431623036353734653562333631343830373565373164303538666461
30633539363964613263366434646434636236383962396335643363363665393364396564316665
39356337613036366238376230656434616332316534306530666264323666623332306530643364
37646135643733366461363264356166616664326361363363313832326237363437373934383235
66643731623233666130666137323534653030356439323132383366643964626661383033356235
36333335346630336463356466623036616435623162363331383064623566343530303437653732
35303431633839383765363538616239633937626338636630333065343037316531363835646438
63333339353732336533613564393465386662343734323964636262306135646431353136303637
32323130366639646266393436666538323662653030306538626565636463633163633762653836
65386465376136653165333530313964393039353563386435643033316133326163663332313063
62613233333537646237393164643061306536626263326131626138313534343465306361366138
31373664336465303761363633386331666538396236343239383137343863623634393564353264
62313432643634643737633834393034333565336634666130346164313536363663656131633231
38626266363630303165316566343432363939363931373666373135333138633962373162643535
32646538376530616433613965303866363230346463373431376331303132626539396665303865
65323033366136383037646239623263353132323230326664653265643434376261633730343238
63333231633132356531643661343034623037666338353034663734363230633531326464613064
63333939346330373739303361373766313831383433653338626564343937623936313661326136
62353439613530663530373234376236656239373863616361353936396333306161653562373238
38336532616566396136633266376530623564666435333139333563366438356565636363323632
37366339333232336566636639306239343432396364316331313233393039343736303437393962
36633962613663326134626464613835323335373338313463623831346539366232663236356438
61313030626534623230653437653530343837646439633431626432346663363265356338616539
38346633623537393865663166313265386163306639633662616365303031383664323332396361
38343161383832626637306436666262303035306533666364366436643162366536313861643437
31623934666436613334646166373361316237643134623031356365323032326130326237653561
32363435666664643430313034306139663036383739316134306531333036653939306135663030
35363061643036643133643533356461373839363431353565386662303839616462353830353163
36326634373762333634303334303231663536326163616361663036383335336137333739323464
62663139663565316366633565376332613837306138613464306430393336383762393635306433
62663765303565646332356336323530633134383263313261303264333933666234393333643765
36646366646434393932623762313039393464663466623733353863333838343332663438376661
35393662353033316263316230353330373737333163393631633961383634316632333239333239
39363237386438616666613462653461393435386265616234663734343539633462623865623264
38656662396438643862313165393831353165653035613165666337346538633864633566383863
37383963666361333533303165633837393561373765376364623364643538616466666534326239
37643562303261666161643030303136656630383531366532386535383138306462303139346632
34316239623736356163326233643230353734633933356262613234386662393532653133376463
35313562633532613265653938653861316135643236633437363134356664383866653664663032
30626539383833623436366361623261333033616366363465366639343163366230663166386531
62613964356232356433383530373932653839343536633433306539623762323862643332373835
32666532343064363135653832613261626637393963333161633933316532316562303563623036
65653964303934366562333039383334383730343838356465336162303264303761643466653637
66343439326139643966306462643133333766326238306563323963663763613065336135373539
36326236653863383035383038626665653035646434373235373161633061383362643835333261
32613032373933623932646530653735623133623232353063623137396137333631353466663665
34616531623166313232643864656634376530353234356466613365626331363635616661313766
32323166653065313861306638343237653830306532303839366431393661393335373233646466
38386436646235376131386230323265303237333930393436373833353630613431333764303833
31336331626562306130623937633163666633353433613166623239623535366261333665393736
34323862643961353966316633626136623538303862326339623264633738633437306663653861
39306137643633346530396661373764636334373132626164663432396432386266346465346439
66323634343833663565373462393635636235613838393230343862326632653865653364306162
39666432613237643331383137316462626165353966363565373733323534333963313136653035
31366232393232373461303265363964373033613639376137303639333235643335626337616163
30323035303235373564333861333666343164303139373130373463633266343938306437356630
35303830363337383437376365323038353463663335313339613963326439326239303339383662
32646633346563656236303936333661666132643966336664353032316163323664656363666666
36613465376466653664306461393236386437666566353731666466393935363938643665646464
64666633306562303238363366656331653136346535653137386237613837616662383761363663
32363464626462366666663335623035366336633136313863376138626437613365643864323734
30316261316264666336393035613065346364356664633037353335646662346330623334366137
30336666346231343334306134313533623265393938333366326434343730343065333261636464
32643437333163666564336362323162306262386432373234303035633531386137376331633263
65636663393062313438323164336137643235653663616661333632383734376234653330363866
62363930396262646661313633356233653438616563646631653534373165313639323062313935
61613062633330383230626662343632646264663833396565653130663166623665383934633231
38656336343634616535346632383463616464626364346366303530366636623364666435663736
34393666366163633137346436653235663334313731353037396562313734396462633637343533
36633131303831363064333735643965376633646637363863313466333939386235633132323432
61306463636430666266633339626463303664386262643839653534653133386136646166326235
31646536643137326539383238616565386232353236346237616365373361383334303435326631
35386333376137656464636338653332633931363730396233373339626535373663653665633537
39623662363965663465306238333263633764393864376661323132653530343864633339623232
33356531356233303066656462396338613934376339303639356639653534303031643934633036
36636630636231623136353164306331373235623434633033386666326634363436383630393534
34633863653965316666373439353735393065653734303036646434313763656132383865636665
35306466636461356432666264353537336134633330306531633539333739396231643966356166
33353039663730613663363831313365356534653061643232643636346261646462393039303936
63303163336332383830333765333966636335396235363839333533633139343532346135346134
32633837396639643239356461373330636331313963623034623932636237343730323537356664
39653334633864323435343761643733653463386565663433316463356164616464626537343739
61656235386664653762343537643335343938386334383334376333376164373031386431363466
65613138303137316365383837323331376439633534626661326638333162616362626461376236
63306337373536616437663638373530653536316134383966343164653736623966383539333164
64613466383835383134643763633839356238613331323434623165613262376162326165346564
31346132353634356232653632653235633338326230376638643937356164616333396634656336
30616430313132306637376432663063633835636266353037373061373464353436356436626136
66313130313437623435663031353131383538613637653431343533643238666562383339313964
62333235633230323134353937356138633865383430303735626266356165396363613136633539
37356264333236343536663232323936636136376338373662353538643761616637656131643932
62343731346233303461316264346130306535373034653238656261666139356639633838663463
31393235303939323434656535353739636137393962326436313333386239343761663838356161
65306437313830343139396337366430653362663132633033636664363463393730623238343565
34343062653538613739653935363334643234616463626139316431373233343635666333306339
64636238633063393262326432646439303238386330333633313966333136326435336335313463
64653265656566336431616132623433653539663037393836633039383963303932353161326130
33333961663838636539373738353936623066303134393564666161623965336563346531653764
36336366373331396466393831333163633463323163653138376431333865666534666536396162
30373934366631633936623731356364623838393033653838636430376535333863663766633934
62303136653939366532396238366666363833326637636631616133396636666566323635386236
63323333613837643534393537386133376637653532343132373132303039343765366365333035
35393333303962393966326136623965646139333438393162393837376436623633666566386664
65393331633263656261353237323838613532616662343731323939343434646132633161613063
36356264333939343664373061333834333437656138313335656138363430663837333561343534
66626565616238386232303533663936383934383339626166646562623639653639393933306362
62323436376663626134653839663964636562636130343664623130613138336232663939376133
38663131616531326635633035346635313064616436333934663631326332636135633762316634
62396233373739663763626564623533653163323137353734613335306362656361646639303137
38653335653730306466653436363835653136646331386631396565633262663634646561326537
33303664326631666430623339613763323563353336363663636434623562363465363837666232
36343365613236383162653437336164343065316662363132383934383162363239313332383064
66306535653034636235643865616661356332313932333665643734616339306464396330623563
35386537383264653238666632313639613636323636373032333962376336356362303036636337
36646437333365396238326633656164393231663730613531633336353938326432303132386335
30323837363936376532653332336462303531383934316239336233383763383432333766326136
34363034633930386338366262616534376261303438653230376563383761353935313538313666
61333235313139346431666330346366326665613666353863393565343263353662313537373864
61363637323536373739623630643639336633636230313932373033366237313930303134653037
32663862613864323065363165343937313933323238373633346366306365646630656432393031
64323762636138633861353839316530393533336231373565636133313465616264343734383761
34666238326132326632303730643061366438366137373137333964323238653830656534633332
32656437303036613135333234393531666537643337616234393432643864386565353461383764
39383466343766376361636563623838313237363837396239303765343164663234313439633063
37343735333732643937366166396265333038636536316566346133383663346239663236383737
34613766373465393235313239363134353633383431343232343063333930356539653531343561
36323766336631373261613738323464323833303362633162616334386332343565376136623765
62353538316333626535323236666431303236353432356261663633306635393666623135303266
65306362313462383766373063356262323737303438373735316264346362383039656261343034
6233353637396235333039663430386262303033383633303934
